local World2Quests = {}
World2Quests.CheckQuest = function()
            CFrameMon = CFrame.new(-5802.8681640625, 86.26241302490234, 8828.859375)
        elseif MyLevel == 375 or MyLevel <= 399 then
            Mon = "Fishman Warrior"
            LevelQuest = 1
            NameQuest = "FishmanQuest"
            NameMon = "Fishman Warrior"
            CFrameQuest = CFrame.new(61122.65234375, 18.497442245483, 1569.3997802734)
            CFrameMon = CFrame.new(60878.30078125, 18.482830047607422, 1543.7574462890625)
            if _G.AutoFarm and (CFrameQuest.Position - game.Players.LocalPlayer.Character.HumanoidRootPart.Position).Magnitude > 10000 then
                game:GetService("ReplicatedStorage").Remotes.CommF_:InvokeServer("requestEntrance",Vector3.new(61163.8515625, 11.6796875, 1819.7841796875))
            end
        elseif MyLevel == 400 or MyLevel <= 449 then
            Mon = "Fishman Commando"
            LevelQuest = 2
            NameQuest = "FishmanQuest"
            NameMon = "Fishman Commando"
            CFrameQuest = CFrame.new(61122.65234375, 18.497442245483, 1569.3997802734)
            CFrameMon = CFrame.new(61922.6328125, 18.482830047607422, 1493.934326171875)
            if _G.AutoFarm and (CFrameQuest.Position - game.Players.LocalPlayer.Character.HumanoidRootPart.Position).Magnitude > 10000 then
                game:GetService("ReplicatedStorage").Remotes.CommF_:InvokeServer("requestEntrance",Vector3.new(61163.8515625, 11.6796875, 1819.7841796875))
            end
        elseif MyLevel == 450 or MyLevel <= 474 then
            Mon = "God's Guard"
            LevelQuest = 1
            NameQuest = "SkyExp1Quest"
            NameMon = "God's Guard"
            CFrameQuest = CFrame.new(-4721.88867, 843.874695, -1949.96643, 0.996191859, -0, -0.0871884301, 0, 1, -0, 0.0871884301, 0, 0.996191859)
            CFrameMon = CFrame.new(-4710.04296875, 845.2769775390625, -1927.3079833984375)
            if _G.AutoFarm and (CFrameQuest.Position - game.Players.LocalPlayer.Character.HumanoidRootPart.Position).Magnitude > 10000 then
                game:GetService("ReplicatedStorage").Remotes.CommF_:InvokeServer("requestEntrance",Vector3.new(-4607.82275, 872.54248, -1667.55688))
            end
        elseif MyLevel == 475 or MyLevel <= 524 then
            Mon = "Shanda"
            LevelQuest = 2
            NameQuest = "SkyExp1Quest"
            NameMon = "Shanda"
            CFrameQuest = CFrame.new(-7859.09814, 5544.19043, -381.476196, -0.422592998, 0, 0.906319618, 0, 1, 0, -0.906319618, 0, -0.422592998)
            CFrameMon = CFrame.new(-7678.48974609375, 5566.40380859375, -497.2156066894531)
            if _G.AutoFarm and (CFrameQuest.Position - game.Players.LocalPlayer.Character.HumanoidRootPart.Position).Magnitude > 10000 then
                game:GetService("ReplicatedStorage").Remotes.CommF_:InvokeServer("requestEntrance",Vector3.new(-7894.6176757813, 5547.1416015625, -380.29119873047))
            end
        elseif MyLevel == 525 or MyLevel <= 549 then
            Mon = "Royal Squad"
            LevelQuest = 1
            NameQuest = "SkyExp2Quest"
            NameMon = "Royal Squad"
            CFrameQuest = CFrame.new(-7906.81592, 5634.6626, -1411.99194, 0, 0, -1, 0, 1, 0, 1, 0, 0)
            CFrameMon = CFrame.new(-7624.25244140625, 5658.13330078125, -1467.354248046875)
        elseif MyLevel == 550 or MyLevel <= 624 then
            Mon = "Royal Soldier"
            LevelQuest = 2
            NameQuest = "SkyExp2Quest"
            NameMon = "Royal Soldier"
            CFrameQuest = CFrame.new(-7906.81592, 5634.6626, -1411.99194, 0, 0, -1, 0, 1, 0, 1, 0, 0)
            CFrameMon = CFrame.new(-7836.75341796875, 5645.6640625, -1790.6236572265625)
        elseif MyLevel == 625 or MyLevel <= 649 then
            Mon = "Galley Pirate"
            LevelQuest = 1
            NameQuest = "FountainQuest"
            NameMon = "Galley Pirate"
            CFrameQuest = CFrame.new(5259.81982, 37.3500175, 4050.0293, 0.087131381, 0, 0.996196866, 0, 1, 0, -0.996196866, 0, 0.087131381)
            CFrameMon = CFrame.new(5551.02197265625, 78.90135192871094, 3930.412841796875)
        elseif MyLevel >= 650 then
            Mon = "Galley Captain"
            LevelQuest = 2
            NameQuest = "FountainQuest"
            NameMon = "Galley Captain"
            CFrameQuest = CFrame.new(5259.81982, 37.3500175, 4050.0293, 0.087131381, 0, 0.996196866, 0, 1, 0, -0.996196866, 0, 0.087131381)
            CFrameMon = CFrame.new(5441.95166015625, 42.50205993652344, 4950.09375)
        end
    elseif World2 then
        if MyLevel == 700 or MyLevel <= 724 then
            Mon = "Raider"
            LevelQuest = 1
            NameQuest = "Area1Quest"
            NameMon = "Raider"
            CFrameQuest = CFrame.new(-429.543518, 71.7699966, 1836.18188, -0.22495985, 0, -0.974368095, 0, 1, 0, 0.974368095, 0, -0.22495985)
            CFrameMon = CFrame.new(-728.3267211914062, 52.779319763183594, 2345.7705078125)
        elseif MyLevel == 725 or MyLevel <= 774 then
            Mon = "Mercenary"
            LevelQuest = 2
            NameQuest = "Area1Quest"
            NameMon = "Mercenary"
            CFrameQuest = CFrame.new(-429.543518, 71.7699966, 1836.18188, -0.22495985, 0, -0.974368095, 0, 1, 0, 0.974368095, 0, -0.22495985)
            CFrameMon = CFrame.new(-1004.3244018554688, 80.15886688232422, 1424.619384765625)
        elseif MyLevel == 775 or MyLevel <= 799 then
            Mon = "Swan Pirate"
            LevelQuest = 1
            NameQuest = "Area2Quest"
            NameMon = "Swan Pirate"
            CFrameQuest = CFrame.new(638.43811, 71.769989, 918.282898, 0.139203906, 0, 0.99026376, 0, 1, 0, -0.99026376, 0, 0.139203906)
            CFrameMon = CFrame.new(1068.664306640625, 137.61428833007812, 1322.1060791015625)
        elseif MyLevel == 800 or MyLevel <= 874 then
            Mon = "Factory Staff"
            NameQuest = "Area2Quest"
            LevelQuest = 2
            NameMon = "Factory Staff"
            CFrameQuest = CFrame.new(632.698608, 73.1055908, 918.666321, -0.0319722369, 8.96074881e-10, -0.999488771, 1.36326533e-10, 1, 8.92172336e-10, 0.999488771, -1.07732087e-10, -0.0319722369)
            CFrameMon = CFrame.new(73.07867431640625, 81.86344146728516, -27.470672607421875)
        elseif MyLevel == 875 or MyLevel <= 899 then
            Mon = "Marine Lieutenant"
            LevelQuest = 1
            NameQuest = "MarineQuest3"
            NameMon = "Marine Lieutenant"
            CFrameQuest = CFrame.new(-2440.79639, 71.7140732, -3216.06812, 0.866007268, 0, 0.500031412, 0, 1, 0, -0.500031412, 0, 0.866007268)
            CFrameMon = CFrame.new(-2821.372314453125, 75.89727783203125, -3070.089111328125)
        elseif MyLevel == 900 or MyLevel <= 949 then
            Mon = "Marine Captain"
            LevelQuest = 2
            NameQuest = "MarineQuest3"
            NameMon = "Marine Captain"
            CFrameQuest = CFrame.new(-2440.79639, 71.7140732, -3216.06812, 0.866007268, 0, 0.500031412, 0, 1, 0, -0.500031412, 0, 0.866007268)
            CFrameMon = CFrame.new(-1861.2310791015625, 80.17658233642578, -3254.697509765625)
        elseif MyLevel == 950 or MyLevel <= 974 then
            Mon = "Zombie"
            LevelQuest = 1
            NameQuest = "ZombieQuest"
            NameMon = "Zombie"
            CFrameQuest = CFrame.new(-5497.06152, 47.5923004, -795.237061, -0.29242146, 0, -0.95628953, 0, 1, 0, 0.95628953, 0, -0.29242146)
            CFrameMon = CFrame.new(-5657.77685546875, 78.96973419189453, -928.68701171875)
        elseif MyLevel == 975 or MyLevel <= 999 then
            Mon = "Vampire"
            LevelQuest = 2
            NameQuest = "ZombieQuest"
            NameMon = "Vampire"
            CFrameQuest = CFrame.new(-5497.06152, 47.5923004, -795.237061, -0.29242146, 0, -0.95628953, 0, 1, 0, 0.95628953, 0, -0.29242146)
            CFrameMon = CFrame.new(-6037.66796875, 32.18463897705078, -1340.6597900390625)
        elseif MyLevel == 1000 or MyLevel <= 1049 then
            Mon = "Snow Trooper"
            LevelQuest = 1
            NameQuest = "SnowMountainQuest"
            NameMon = "Snow Trooper"
            CFrameQuest = CFrame.new(609.858826, 400.119904, -5372.25928, -0.374604106, 0, 0.92718488, 0, 1, 0, -0.92718488, 0, -0.374604106)
            CFrameMon = CFrame.new(549.1473388671875, 427.3870544433594, -5563.69873046875)
        elseif MyLevel == 1050 or MyLevel <= 1099 then
            Mon = "Winter Warrior"
            LevelQuest = 2
            NameQuest = "SnowMountainQuest"
            NameMon = "Winter Warrior"
            CFrameQuest = CFrame.new(609.858826, 400.119904, -5372.25928, -0.374604106, 0, 0.92718488, 0, 1, 0, -0.92718488, 0, -0.374604106)
            CFrameMon = CFrame.new(1142.7451171875, 475.6398010253906, -5199.41650390625)
        elseif MyLevel == 1100 or MyLevel <= 1124 then
            Mon = "Lab Subordinate"
            LevelQuest = 1
            NameQuest = "IceSideQuest"
            NameMon = "Lab Subordinate"
            CFrameQuest = CFrame.new(-6064.06885, 15.2422857, -4902.97852, 0.453972578, -0, -0.891015649, 0, 1, -0, 0.891015649, 0, 0.453972578)
            CFrameMon = CFrame.new(-5707.4716796875, 15.951709747314453, -4513.39208984375)
        elseif MyLevel == 1125 or MyLevel <= 1174 then
            Mon = "Horned Warrior"
            LevelQuest = 2
            NameQuest = "IceSideQuest"
            NameMon = "Horned Warrior"
            CFrameQuest = CFrame.new(-6064.06885, 15.2422857, -4902.97852, 0.453972578, -0, -0.891015649, 0, 1, -0, 0.891015649, 0, 0.453972578)
            CFrameMon = CFrame.new(-6341.36669921875, 15.951770782470703, -5723.162109375)
        elseif MyLevel == 1175 or MyLevel <= 1199 then
            Mon = "Magma Ninja"
            LevelQuest = 1
            NameQuest = "FireSideQuest"
            NameMon = "Magma Ninja"
            CFrameQuest = CFrame.new(-5428.03174, 15.0622921, -5299.43457, -0.882952213, 0, 0.469463557, 0, 1, 0, -0.469463557, 0, -0.882952213)
            CFrameMon = CFrame.new(-5449.6728515625, 76.65874481201172, -5808.20068359375)
        elseif MyLevel == 1200 or MyLevel <= 1249 then
            Mon = "Lava Pirate"
            LevelQuest = 2
            NameQuest = "FireSideQuest"
            NameMon = "Lava Pirate"
            CFrameQuest = CFrame.new(-5428.03174, 15.0622921, -5299.43457, -0.882952213, 0, 0.469463557, 0, 1, 0, -0.469463557, 0, -0.882952213)
            CFrameMon = CFrame.new(-5213.33154296875, 49.73788070678711, -4701.451171875)
        elseif MyLevel == 1250 or MyLevel <= 1274 then
            Mon = "Ship Deckhand"
            LevelQuest = 1
            NameQuest = "ShipQuest1"
            NameMon = "Ship Deckhand"
            CFrameQuest = CFrame.new(1037.80127, 125.092171, 32911.6016)         
            CFrameMon = CFrame.new(1212.0111083984375, 150.79205322265625, 33059.24609375)    
            if _G.AutoFarm and (CFrameQuest.Position - game.Players.LocalPlayer.Character.HumanoidRootPart.Position).Magnitude > 10000 then
                game:GetService("ReplicatedStorage").Remotes.CommF_:InvokeServer("requestEntrance",Vector3.new(923.21252441406, 126.9760055542, 32852.83203125))
            end
        elseif MyLevel == 1275 or MyLevel <= 1299 then
            Mon = "Ship Engineer"
            LevelQuest = 2
            NameQuest = "ShipQuest1"
            NameMon = "Ship Engineer"
            CFrameQuest = CFrame.new(1037.80127, 125.092171, 32911.6016)   
            CFrameMon = CFrame.new(919.4786376953125, 43.54401397705078, 32779.96875)   
            if _G.AutoFarm and (CFrameQuest.Position - game.Players.LocalPlayer.Character.HumanoidRootPart.Position).Magnitude > 10000 then
                game:GetService("ReplicatedStorage").Remotes.CommF_:InvokeServer("requestEntrance",Vector3.new(923.21252441406, 126.9760055542, 32852.83203125))
            end             
        elseif MyLevel == 1300 or MyLevel <= 1324 then
            Mon = "Ship Steward"
            LevelQuest = 1
            NameQuest = "ShipQuest2"
            NameMon = "Ship Steward"
            CFrameQuest = CFrame.new(968.80957, 125.092171, 33244.125)         
            CFrameMon = CFrame.new(919.4385375976562, 129.55599975585938, 33436.03515625)      
            if _G.AutoFarm and (CFrameQuest.Position - game.Players.LocalPlayer.Character.HumanoidRootPart.Position).Magnitude > 10000 then
                game:GetService("ReplicatedStorage").Remotes.CommF_:InvokeServer("requestEntrance",Vector3.new(923.21252441406, 126.9760055542, 32852.83203125))
            end
        elseif MyLevel == 1325 or MyLevel <= 1349 then
            Mon = "Ship Officer"
            LevelQuest = 2
            NameQuest = "ShipQuest2"
            NameMon = "Ship Officer"
            CFrameQuest = CFrame.new(968.80957, 125.092171, 33244.125)
            CFrameMon = CFrame.new(1036.0179443359375, 181.4390411376953, 33315.7265625)
            if _G.AutoFarm and (CFrameQuest.Position - game.Players.LocalPlayer.Character.HumanoidRootPart.Position).Magnitude > 10000 then
                game:GetService("ReplicatedStorage").Remotes.CommF_:InvokeServer("requestEntrance",Vector3.new(923.21252441406, 126.9760055542, 32852.83203125))
            end
        elseif MyLevel == 1350 or MyLevel <= 1374 then
            Mon = "Arctic Warrior"
            LevelQuest = 1
            NameQuest = "FrostQuest"
            NameMon = "Arctic Warrior"
            CFrameQuest = CFrame.new(5667.6582, 26.7997818, -6486.08984, -0.933587909, 0, -0.358349502, 0, 1, 0, 0.358349502, 0, -0.933587909)
            CFrameMon = CFrame.new(5966.24609375, 62.97002029418945, -6179.3828125)
            if _G.AutoFarm and (CFrameQuest.Position - game.Players.LocalPlayer.Character.HumanoidRootPart.Position).Magnitude > 10000 then
                game:GetService("ReplicatedStorage").Remotes.CommF_:InvokeServer("requestEntrance",Vector3.new(-6508.5581054688, 5000.034996032715, -132.83953857422))
            end
        elseif MyLevel == 1375 or MyLevel <= 1424 then
            Mon = "Snow Lurker"
            LevelQuest = 2
            NameQuest = "FrostQuest"
            NameMon = "Snow Lurker"
            CFrameQuest = CFrame.new(5667.6582, 26.7997818, -6486.08984, -0.933587909, 0, -0.358349502, 0, 1, 0, 0.358349502, 0, -0.933587909)
            CFrameMon = CFrame.new(5407.07373046875, 69.19437408447266, -6880.88037109375)
        elseif MyLevel == 1425 or MyLevel <= 1449 then
            Mon = "Sea Soldier"
            LevelQuest = 1
            NameQuest = "ForgottenQuest"
            NameMon = "Sea Soldier"
            CFrameQuest = CFrame.new(-3054.44458, 235.544281, -10142.8193, 0.990270376, -0, -0.13915664, 0, 1, -0, 0.13915664, 0, 0.990270376)
            CFrameMon = CFrame.new(-3028.2236328125, 64.67451477050781, -9775.4267578125)
        elseif MyLevel >= 1450 then
            Mon = "Water Fighter"
            LevelQuest = 2
            NameQuest = "ForgottenQuest"
            NameMon = "Water Fighter"
            CFrameQuest = CFrame.new(-3054.44458, 235.544281, -10142.8193, 0.990270376, -0, -0.13915664, 0, 1, -0, 0.13915664, 0, 0.990270376)
            CFrameMon = CFrame.new(-3352.9013671875, 285.01556396484375, -10534.841796875)
        end
    elseif World3 then
        if MyLevel == 1500 or MyLevel <= 1524 then
            Mon = "Pirate Millionaire"
            LevelQuest = 1
            NameQuest = "PiratePortQuest"
            NameMon = "Pirate Millionaire"
            CFrameQuest = CFrame.new(-290.074677, 42.9034653, 5581.58984, 0.965929627, -0, -0.258804798, 0, 1, -0, 0.258804798, 0, 0.965929627)
            CFrameMon = CFrame.new(-245.9963836669922, 47.30615234375, 5584.1005859375)
        elseif MyLevel == 1525 or MyLevel <= 1574 then
            Mon = "Pistol Billionaire"
end
return World2Quests
